53,35
34,1
34,3
27,1
27,3
0,273
0,270
3,2
3,1
3,3
10,165
10,137
10,143
10,273
10,101
10,96
10,152
10,94
11,5
11,20
8,11
8,5
8,14
8,13
8,2
8,3
50,3
50,2
50,1
50,0
49,4
49,3
49,2
49,1
49,0
48,4
48,3
48,2
48,1
48,0
44,4
44,3
44,2
44,1
44,0
43,4
43,3
43,2
43,1
43,0
41,5
41,4
41,3
41,2
41,1
41,0
38,5
38,4
38,3
38,2
38,1
38,0
36,5
36,4
36,3
36,2
36,1
24,3
24,1
20,3
20,2
20,1
19,3
19,2
19,1
12,3
12,2
12,1
11,28
11,26
11,25
11,24
11,22
11,19
11,18
11,13
11,12
11,9
11,8
11,3
11,2
11,1
10,295
18,1
10,251
18,3
10,240
10,238
10,231
14,1
14,3
13,1
10,213
13,3
10,201
10,185
10,172
